103783
91270
135417
96787
206417
254719
184474
58284
7785
6541
199418
169867
239378
275419
248051
105910
201372
59970
196660
213544
49115
72968
112887
12525
154310
86714
201710
248611
166531
178687
115001
49434
269958
29538
207245
255495
2353
109816
92899
10138
177381
10413
241029
134855
64952
268201
19886
266324
107291
216546
258989
156406
68635
89972
168932
222945
237710
149762
189652
183361
46545
22749
232796
34599
113312
219161
69214
115665
108097
162113
186828
64599
233550
145953
199454
16599
193274
280364
62043
18662
276031
100152
175068
62762
190124
123120
64827
145931
272882
254479
47388
37524
56348
59304
133147
169660
57586
202362
64446
165683
143595
30394
230282
95242
237371
208857
172865
148742
268341
14028
167404
41588
114181
121592
165374
83425
244713
230201
8476
235691
263800
116889
52335
38245
176193
185483
268929
12899
166965
112495
239607
89680
142889
249009
245946
98357
236986
136907
26219
223424
211960
193623
44132
44237
94335
209507
127662
57144
157804
136139
71956
139701
32148
185315
238970
269365
149918
5115
361
34979
117611
239968
185684
39620
207073
149726
137977
223180
4730
225220
164700
277714
197963
208832
40047
10395
197459
228733
67539
73360
143992
200519
274085
176140
103931
10271
163602
253849
15386
163963
67949
132997
183051
253633
233642
169244
121455
89715
110520
187209
33032
54340
183019
230995
42293
2186
20510
239752
230920
149074
92232
154032
67689
145437
48269
232644
155708
272895
265614
171095
215978
51659
83212
117125
84412
34950
65489
266891
185690
237034
172197
279746
70494
134336
7957
173811
197547
28468
131660
207587
177542
3012
79715
24351
148450
189008
256996
83278
179999
240706
254373
114073
71485
116706
10318
155897
151656
136832
140884
116466
91962
92201
114308
223480
5658
183290
115388
203205
211758
26168
189912
168420
29180
269627
192771
238654
176732
228887
40029
135851
187689
73522
249925
38294
190228
39363
194191
59981
176195
114196
237471
47277
267421
69876
270758
273079
253166
165266
255404
244044
191434
163412
130560
220614
212160
102451
238389
168012
49435
278418
21959
16244
70036
51004
115563
260265
90368
88874
99366
45683
203070
54933
153985
249612
185833
203863
19907
218119
87225
275312
180259
278659
217844
89939
278393
209124
253415
234878
95232
81970
10512
178216
159238
80549
229220
274801
119934
98708
81772
219300
144392
63962
53353
16473
31670
18307
220336
51578
236426
86681
106010
195806
83436
102974
64865
140949
30195
36376
93924
186451
118346
165460
82763
56705
246009
30080
49602
145063
128788
131374
143483
52300
195337
196837
129797
6127
215144
129253
118729
230690
215934
224739
144592
78490
106834
270482
219440
137029
24954
92484
102600
204325
257944
185364
261030
1170
276468
28728
146233
184376
221127
7813
236677
195584
265674
84570
262735
259938
213824
99561
208724
208878
42396
132437
5465
149230
121015
224905
65379
206993
96509
167980
129414
72549
132464
169564
134743
127028
259317
280977
29500
198540
67910
45297
173244
51680
190892
154075
29714
183836
253636
17558
110810
75153
149995
116275
3503
271010
120300
68883
196100
216809
15983
104634
68479
209471
274199
203222
54595
251612
263319
145119
229272
49325
190417
120612
162029
160429
53807
191743
62361
25540
209302
173171
161717
138417
68567
165220
127524
188867
13223
102744
184797
29206
207378
32396
238677
260697
14738
72392
230405
278058
217512
238797
106503
187049
77505
268533
65574
131313
239396
127935
217877
166794
80226
97690
23308
148793
262910
211856
116781
276134
32696
80698
84460
19194
113094
102258
279892
127832
235674
7513
185010
232306
246311
9610
137451
102936
57263
264049
13369
14755
171104
10366
242574
30451
108056
45002
179244
150087
35978
75145
205341
129698
155843
68921
148892
48057
232203
207904
236914
185974
276442
140020
136376
240849
210654
52948
122905
267917
96117
197299
61793
267222
207665
83487
15769
33818
128489
256037
244929
164467
49279
168366
12261
266146
16407
222177
93324
248611
148178
48334
152681
142716
249378
68177
162685
178129
121125
64710
225166
217243
262009
66079
263585
187771
149566
58474
709
57175
32607
245638
762
142910
193124
74047
188177
270555
14321
281501
237262
223523
108955
169063
145359
76429
16361
87164
33678
137486
151874
258845
133849
131980
104044
176554
98871
253611
235028
99580
89906
46756
124338
90669
189666
96582
164716
156963
85233
240061
156560
101616
181680
265515
49799
106159
121065
66160
193323
154743
264671
124318
131684
177640
35418
14849
72291
134289
268460
86439
12989
137486
133195
198351
228155
101982
74053
110968
258945
220310
130149
194626
40022
29926
239261
89822
197109
78422
217006
108529
233166
199773
232847
143970
95510
47385
158819
167801
181674
206399
254240
255687
61982
166556
172134
69257
268538
25307
241249
24699
245617
89495
219325
64760
119421
176683
215606
34626
34225
150708
204179
46511
68578
216146
190482
164088
263531
128421
111009
224325
113941
144369
198108
236947
29021
149362
24300
76679
174669
265550
101379
138383
73141
99824
203143
253586
55627
136845
67332
89853
66673
271512
136364
135251
266778
105966
78459
248406
13508
250492
251851
127449
112958
168056
82492
203003
35514
106792
58803
271208
151462
221206
188711
224603
39126
109950
196285
94754
25915
42738
245631
92588
32346
161115
6960
78244
267082
85419
105770
280590
54008
75718
187159
227990
243774
48771
210113
58408
155563
268916
108736
25122
208218
15543
28845
26465
125493
4251
121219
212432
46989
84946
23117
140359
246061
30077
218603
10359
176520
42470
70069
9648
118188
36348
16758
141082
85119
226872
260514
240683
274908
87347
44925
262247
102890
73770
6808
7504
139045
189051
219936
186034
53117
22173
44489
78298
113274
263093
149682
7891
84683
219751
17539
202871
256100
34298
123073
120339
40290
101683
79118
94318
189030
185067
74661
10017
37958
142493
17521
177003
49640
16577
81134
163781
38751
186647
242080
152025
167836
109858
159916
252519
108729
238480
234510
143949
51898
75679
264289
153212
177363
122527
247530
145513
86715
40288
155530
124673
243805
234075
80796
72566
250653
222954
236347
68524
127698
257547
220549
13630
146525
159586
45270
255255
177186
58900
178324
229084
134580
221733
100392
91063
62357
66018
236576
210096
167330
171227
52865
129232
184422
194685
201798
214195
135736
217265
815
263434
192909
485
56184
57530
160071
162478
91905
55353
221379
49350
63557
135079
271083
224973
226142
112560
9087
241838
40752
237442
192185
154641
145794
94704
67423
126712
26995
203159
62073
88835
184689
34102
89320
19993
152657
249391
182472
244562
83864
121947
73032
208445
257026
62212
151514
262288
235796
160601
1342
276549
177163
193528
149286
41053
67352
277733
167765
155371
198988
8959
244206
162797
